category,datetime,headline,id,image,related,source,summary,url
company,1778101571,Why Live Nation Entertainment Stock Jumped 7% Today,140197633,https://s.yimg.com/rz/stage/p/yahoo_finance_en-US_h_p_finance_2.png,LYV,Yahoo,A $450 million legal charge crushed Live Nation's bottom line. So why did the stock jump 7% on the news?,https://finnhub.io/api/news?id=3aeef09eb5d0a7ab3db2f1fd4987bbb8545a51771835eb1dd071373ccdaf77fc
company,1778085784,"JP Morgan Maintains Overweight on Live Nation Entertainment, Raises Price Target to $180",140197255,,LYV,Benzinga,JP Morgan  analyst David Karnovsky   maintains Live Nation Entertainment (NYSE:LYV) with a Overweight and raises the price target from $178 to $180.,https://finnhub.io/api/news?id=fe2afa3d9ba4beaac94d61a2db6ff698b6f14f258f39ef372d48867464bb6cc1
company,1778081220,"Live Nation Posts Wider-Than-Expected Q1 Loss, Revenues Beat Estimates",140193756,https://s.yimg.com/rz/stage/p/yahoo_finance_en-US_h_p_finance_2.png,LYV,Yahoo,"LYV beats Q1 revenue estimates as ticket sales, fan demand and venue expansion drive growth despite a wider-than-expected loss.",https://finnhub.io/api/news?id=ccd036c793766e91591fcf5afef567a9cc994a0979045821844dffd0e8460c73
company,1778070600,"Live Nation Entertainment, Inc. Q1 2026 Earnings Call Summary",140204925,https://s.yimg.com/rz/stage/p/yahoo_finance_en-US_h_p_finance_2.png,LYV,Yahoo,"Moby summary of Live Nation Entertainment, Inc.'s Q1 2026 earnings call",https://finnhub.io/api/news?id=c851956260f77b58ccbf7009aec2057de9d16111ad653a368e882e79c13295be
company,1778064094,"Guggenheim Maintains Buy on Live Nation Entertainment, Raises Price Target to $197",140197256,,LYV,Benzinga,Guggenheim  analyst Curry Baker   maintains Live Nation Entertainment (NYSE:LYV) with a Buy and raises the price target from $192 to $197.,https://finnhub.io/api/news?id=c0a783f710d5aa140cc8c40f7a2c5c11f7ee5901cfe170f2bedad3acb4c8e7fc
company,1778062940,"Wells Fargo Maintains Overweight on Live Nation Entertainment, Lowers Price Target to $199",140197257,,LYV,Benzinga,Wells Fargo  analyst Steven Cahall   maintains Live Nation Entertainment (NYSE:LYV) with a Overweight and lowers the price target from $203 to $199.,https://finnhub.io/api/news?id=3cdf1901b823122018264a2582fde9f4b216bddcc194f366f42a2e250dc83a84
company,1778053119,"Live Nation Entertainment, TransDigm Group, Interactive Brokers And A Health Care Stock: CNBC's 'Final Trades'",140192408,https://cdn.benzinga.com/files/images/story/2026/05/06/Experts-Urge-Seniors-to-Stay-Vigilant.jpeg?width=2048&height=1536,LYV,Benzinga,"Live Nation and TransDigm each reported positive first-quarter earnings, while Interactive Brokers Group hit an all-time high.",https://finnhub.io/api/news?id=4f43b01ef3d391a5a6174690e948e37b9a9f0fe1d79c8e3591cc0875135c50af
